Afghanistan,AF 						799,185,791,192,782,195,780,202,785,213,787,216,786,222,803,220,807,213,814,211,820,200,823,200,821,192,831,187,820,182,816,181,813,185,805,188
Ã…land Islands,AX 					615,86,617,86,617,88,615,88
Albania,AL 						618,163,616,167,619,176,623,171
Algeria,DZ 						506,231,553,268,563,268,589,247,581,243,579,235,581,232,579,219,580,217,202,575,194,573,189,559,188,545,190,534,197,536,208,532,210,530,209,525,213,527,214,518,221,506,225
American Samoa,AS					1320,419,3
Andorra,AD 						547,162,548,162,548,163,547,163		
Angola,AO 						590,383,609,382,614,393,620,390,622,386,630,388,633,405,639,404,639,412,637,414,631,414,630,427,635,434,624,436,609,433,608,434,592,432,588,433,588,426,591,415,597,406,592,394,594,392,590,383	
Anguilla,AI		        			284,268,3
Antarctica,AQ 						480,590,845,628
Antigua and Barbuda,AG 					287,271,3
Argentina,AR						321,469,314,479,305,477,307,470,284,453,280,456,269,455,266,458,266,462,263,467,265,476,260,484,260,497,265,507,264,508,267,516,254,520,267,527,269,542,278,559,280,580,285,582,291,589,299,587,310,604,320,602,299,587,297,583,302,572,294,562,299,554,298,551,301,548,294,540,304,543,304,531,313,532,321,522,312,510,310,501,314,489,324,474
Armenia,AM						713,168,723,177,718,179,712,173,709,171,709,170
Aruba,AW						246,294,252,300
Australia,AU						1128,406,1123,426,1115,436,1099,421,1104,412,1090,408,1074,419,1073,424,1064,418,1032,446,1004,456,999,505,995,508,1001,514,1064,499,1072,504,1075,513,1087,506,1082,515,1085,512,1086,526,1099,532,1096,540,1094,552,1105,549,1110,541,1096,540,1099,532,1102,528,1107,533,1120,527,1158,487,1160,464,1138,438,1139,421,1130,406
Austria,AT						595,135,589,140,586,140,582,143,582,145,588,143,590,145,597,145,604,143,607,139,607,136,601,134
Azerbaijan,AZ						716,170,722,166,725,168,728,166,733,173,731,180,721,173,720,174,718,179,717,180,715,180,712,177,712,175,713,174,718,179,720,174,716,170
Bahamas,BS						220,230,231,231,231,237,220,244
Bahrain,BH						745,236,3
Bangladesh,BD						848,239,903,248,902,249,905,255,911,253,916,259,921,256,920,253,919,254,914,248,915,243,913,241,909,243,900,236
Barbados,BB						297,295,3
Belarus,BY						644,104,653,105,658,116,658,119,651,124,632,121,124,629,119,630,118,629,115,635,113,643,103
Belgium,BE						559,122,566,125,567,124,568,125,568,128,565,128,564,132,557,129,555,125
Belize,BZ						180,270,174,282,172,283,174,272,179,269
Benin,BJ						551,326,551,315,555,304,551,229,543,305,546,312,547,327
Bermuda,BM						289,191,3
Bhutan,BT						905,231,6
"Bolivia, Plurinational State of",BO			253,406,266,399,272,411,288,417,293,427,300,428,304,438,300,443,294,441,288,445,284,453,280,456,270,455,265,458,265,451,258,440,254,435,257,429,254,424,255,411
"Bonaire, Sint Eustatius and Saba",BQ			258,296,256,300,262,301,262,297,277,280,273,274,273,275,278,275,281,273,283,271,286,274,283,275,281,273,278,275,277,280,262,297
Bosnia and Herzegovina,BA				603,153,612,162,616,154,616,151,612,152,606,150
Botswana,BW						643,435,660,455,646,466,641,472,634,469,631,473,625,477,624,476,625,474,623,468,621,468,621,460,626,450,626,438,636,437,637,438
Bouvet Island,BV					473,557,3
Brazil,BR						335,505,241,494,341,488,346,477,344,470,361,459,368,460,373,455,380,430,379,415,394,396,396,387,393,379,382,376,376,368,357,366,354,369,353,366,354,363,342,358,335,364,324,360,322,362,322,359,331,349,325,335,319,345,307,344,292,349,288,241,290,335,287,332,276,338,271,335,270,337,279,345,265,352,259,245,255,347,252,346,249,349,251,353,248,355,251,362,248,375,245,373,237,377,233,389,242,400,246,399,252,405,267,399,276,412,289,417,293,427,300,428,304,438,300,443,306,456,312,466,324,475,313,490,314,490,315,491,315,492,317,494,324,497,327,500,328,500,333,505,335,505
British Indian Ocean Territory,IO			837,382,3
Brunei Darussalam,BN					1014,334,1017,337,1020,333,1019,332
Bulgaria,BG						627,164,631,167,640,168,645,165,649,165,650,158,646,155,640,157,629,155
Burkina Faso,BF						528,305,540,305,545,304,550,299,541,293,540,287,538,287,534,297,525,293,516,306,521,311,525,310,527,311,528,309,527,306
Burundi,BI						660,370,666,366,667,369,665,373,662,375
Cambodia,KH						964,301,964,309,984,301,985,295,982,290,977,292,974,290,973,291,968,289,963,294,965,300
Cameroon,CM						580,345,597,345,603,346,607,343,599,330,600,326,604,321,598,312,603,309,603,305,600,300,593,312,594,317,590,322,585,324,582,323,577,327,575,336,580,340
Canada,CA						126,49,82,84,86,90,93,89,97,96,95,101,97,104,94,108,91,108,89,114,90,118,88,122,89,126,84,127,85,133,90,136,98,134,198,134,213,139,226,135,232,141,231,145,236,148,242,147,245,151,243,153,238,153,230,162,230,164,239,161,239,163,249,156,265,151,286,143,292,141,294,144,292,148,294,152,304,149,304,151,295,155,295,157,298,158,319,149,319,147,310,148,304,142,310,135,310,133,301,133,290,139,289,137,309,128,324,129,341,123,341,125,327,140,339,141,351,139,349,133,342,131,341,129,344,126,344,125,341,125,341,123,349,116,346,111,340,111,335,99,334,86,333,79,326,79,315,68,303,70,301,67,311,65,323,60,334,60,316,45,310,48,288,45,288,42,306,33,345,46,354,59,350,66,339,63,338,75,329,73,334,79,333,79,334,86,319,94,315,90,317,86,316,82,297,77,293,79,288,89,284,91,285,99,268,111,265,121,259,124,255,119,259,108,233,98,230,90,282,62,293,62,303,51,294,49,281,58,283,51,276,50,277,41,263,46,266,51,253,59,248,55,241,56,230,53,229,50,217,54,200,48,202,40,189,43,186,39,209,30,230,37,234,35,246,35,243,44,248,47,237,52,229,								50,229,53,220,56,216,62,213,55,199,56,201,52,178,48,175,49,168,46,141,51,126,49,334,26,394,3,393,2,333,7,333,9,353,10,348,12,333,11,330,13,332,17,324,16,327,20,319,21,312,20,312,22,321,24,328,23,334,26,126,49,
Cape Verde,CV						443,280,3
Cayman Islands,KY					209,264,3
Central African Republic,CF				635,304,613,320,603,321,599,329,607,344,608,339,617,339,617,335,621,332,631,336,646,332,647,333,653,329,642,317,639,317,637,306
Chad,TD							607,250,638,266,638,284,635,284,631,293,631,297,635,304,613,320,603,321,598,312,603,309,305,595,293,595,291,603,278,605,271,604,265,605,261,601,252
Chile,CL						254,435,250,439,253,444,254,485,257,518,257,529,260,540,267547,267,552,271,557,270,562,266,563,266,566,286,593,295,594,299,591,298,599,309,604,303,592,299,591,300,589,298,587,296,584,290,589,286,586,284,582,280,580,278,559,268,539,266,525,264,521,267,516,264,508,265,507,260,497,260,484,265,475,263,467,266,461,266,457,260,450,258,440
China,CN						862,133,858,137,859,142,855,144,854,143,850,146,850,148,843,153,848,161,846,165,833,174,832,172,825,176,831,181,833,187,845,195,846,194,853,196,855,202,853,210,864,218,870,218,879,224,888,224,895,229,896,228,898,228,900,230,902,227,905,227,910,231,920,223,924,223,938,231,940,236,937,244,943,249,948,258,956,258,955,254,970,250,980,258,987,258,989,263,988,265,985,267,985,271,990,273,994,265,988,265,989,263,1001,254,1010,254,1023,244,1029,220,1023,218,1026,217,1026,214,1018,208,1015,200,1010,198,1011,193,1019,188,1019,186,1009,184,1007,187,997,180,1007,170,1012,179,1025,170,1026,167,1028,168,1034,162,1038,162,1038,159,1034,153,1041,146,1038,141,1039,140,1036,137,1029,141,1019,135,1009,133,992,117,978,114,971,117,975,122,974,127,975,129,967,134,968,138,973,140,974,139,986,144,985,145,980,144,968,152,963,151,961,153,964,158,958,163,947,164,942,167,915,162,914,163,909,163,902,156,894,152,887,153,881,149,875,140,868,138
Christmas Island,CX					968,398,3
Cocos (Keeling) Islands,CC				925,423,3
Colombia,CO						210,348,220,354,229,357,234,364,237,366,243,365,247,368,245,372,248,375,251,362,248,355,251,352,249,348,254,346,255,347,260,344,257,342,259,339,257,331,258,327,254,326,253,327,240,322,236,310,241,302,245,301,245,299,240,299,235,304,231,304,215,321,218,334
Comoros,KM						719,412,3
Congo,CG						589,379,592,377,593,378,605,373,615,354,614,348,618,339,608,339,606,345,601,346,594,345,595,348,599,352,597,355,600,361,597,365,592,364,588,368,589,369,585,372
"Congo, the Democratic Republic of the",CD      	589,379,592,377,593,378,605,373,615,354,614,348,618,339,617,335,622,332,631,336,646,332,648,333,652,331,656,336,662,334,668,338,669,343,663,354,664,360,662,361,660,366,662,368,660,370,662,375,662,381,667,391,658,395,659,398,657,401,659,409,664,412,660,415,653,408,650,409,640,406,637,404,633,405,630,398,630,388,622,385,620,391,614,392,609,382,593,382,590,383
Cook Islands,CK						38,432,3
Costa Rica,CR						184,304,193,306,197,312,194,317,183,308
Côte d'Ivoire,CI					528,332,526,322,528,312,524,310,521,311,516,307,511,308,507,307,506,308,507,317,504,321,505,323,504,325,508,329,507,335,525,331
Croatia,HR						594,153,601,155,607,161,608,158,603,153,606,150,613,152,616,150,614,147,612,148,604,145,594,152
Cuba,CU							214,250,237,263,231,265,219,264,220,261,205,253,195,256,195,253,201,250
Curaçao,CW						254,297,3
Cyprus,CY						673,195,669,195,669,198,671,199,675,197,675,196
Czech Republic,CZ					598,125,589,129,590,131,595,135,603,134,606,135,609,135,612,132,609,129,600,127
Denmark,DK						581,97,575,102,576,110,586,108,587,109,590,106,590,103,587,102,582,104,582,97
Djibouti,DJ						719,299,719,303,716,306,712,302,715,299
Dominica,DM						288,281,3
Dominican Republic,DO					247,265,247,274,259,270,255,256
Ecuador,EC						210,348,202,360,203,366,207,367,203,373,211,377,214,370,223,365,227,356,220,354
Egypt,EG						641,212,641,255,675,255,678,256,686,250,672,222,679,229,680,229,680,221,677,214,672,215,666,213,658,215
El Salvador,SV						172,288,178,292,176,295,168,293
Equatorial Guinea,GQ					580,345,587,345,587,350,580,350
Eritrea,ER						698,274,692,279,690,287,692,290,702,289,709,292,715,299,719,299,712,290,702,283,701,286
Estonia,EE						628,89,640,90,641,97,632,95,629,96,626,92,626,90
Eswatini,SZ						670,473,670,476,671,477,669,479,665,476,665,474,667,472,669,472
Ethiopia,ET						692,290,681,309,682,314,676,318,683,323,689,332,701,339,710,336,714,338,728,332,738,320,736,318,722,314,718,311,716,306,712,302,715,299,706,290,698,289
Falkland Islands (Malvinas),FK				326,580,3
Faroe Islands,FO					524,78,3
Fiji,FJ							1271,439,1274,436,1272,434,1273,433,1276,434,1280,431,1279,430,1274,430,1273,433,1272,434,1269,433,1267,435,1269,439
Finland,FI						619,52,627,52,632,47,639,50,638,52,642,57,640,60,643,64,643,69,647,75,649,76,644,83,628,87,619,84,618,77,625,69,625,64,623,62,622,56,618,53
France,FR						537,158,545,162,546,160,550,160,552,163,560,159,568,160,570,154,569,151,570,149,568,146,566,145,571,140,573,135,568,132,566,133,557,128,555,125,552,125,546,132,540,132,535,136,529,135,528,139,537,142,539,151,536,158,576,162,580,161,580,167,576,166,576,162,536,158
French Guiana,GF					325,336,319,345,312,345,311,344,314,339,312,333,314,329,318,329
French Polynesia,PF					73,424,3
French Southern Territories,TF				816,530,3
Gabon,GA						587,345,587,350,579,350,577,362,585,372,589,369,588,367,593,364,597,365,600,360,597,354,599,352,596,348,594,347,594,345
Gambia,GM						470,295,481,295,482,294,479,292,475,292,474,293,471,293
Georgia,GE						709,170,700,165,700,162,705,159,721,166,716,170,712,168,711,168
Germany,DE						571,114,567,124,568,125,568,132,573,135,571,140,578,140,581,143,595,135,589,130,589,129,599,124,596,114,597,113,592,110,586,112,582,109,577,110,575,114
Ghana,GH						528,305,538,305,541,311,541,321,544,328,528,333,526,322,528,628,527,311,528,309,527,306
Gibraltar,GI						521,191,3
Greece,GR						619,178,628,180,628,182,624,182,627,189,631,190,633,194,641,194,646,195,645,198,640,198,633,196,633,194,631,190,634,183,630,175,632,173,634,174,639,170,643,171,644,168,643,167,639,168,636,167,631,167,623,171,619,176
Greenland,GL						403,86,421,67,440,62,452,53,460,54,481,50,487,45,487,43,479,38,494,31,501,21,500,18,506,12,517,11,520,8,519,7,507,8,486,2,471,4,461,3,426,8,407,6,364,17,352,17,362,23,372,25,380,24,387,26,394,37,393,40,398,42,399,48,385,62,387,68,385,73,391,82
Grenada,GD						284,300,3
Guadeloupe,GP						291,278,3
Guam,GU							1133,309,3
Guatemala,GT						173,273,166,276,167,280,165,282,162,282,159,289,168,293,176,284,172,283
Guernsey,GG						540,129,3
Guinea,GN						507,317,505,304,502,299,495,301,492,298,489,299,488,298,484,298,480,303,478,304,485,314,490,309,495,312,497,317,500,319,501,322,505,320
Guinea-Bissau,GW					483,297,479,297,472,299,473,302,476,302,478,304,483,300,484,298
Guyana,GY						292,317,303,328,298,335,301,340,302,346,299,346,293,349,290,347,288,341,290,335,287,332,287,330,285,328,285,325,287,323,288,319
Haiti,HT						247,265,247,274,241,272,237,273,232,272,232,270,241,270,240,265
Heard Island and McDonald Islands,HM			833,546,3
Honduras,HN						196,289,195,283,187,282,177,283,172,288,178,292,177,295,179,296,192,288
Hong Kong,HK						1004,257,3
Hungary,HU						608,139,604,143,605,145,610,148,619,147,624,144,627,138,621,136,620,136,614,139
Iceland,IS						506,67,488,74,481,71,477,71,478,66,488,63,493,64,501,62,506,65
India,IN						863,318,870,308,871,296,872,294,870,286,880,279,883,273,887,272,889,267,896,264,896,258,905,255,902,250,903,247,898,238,900,236,907,242,912,242,913,241,915,244,914,248,920,254,920,251,924,241,924,236,933,228,924,223,920,223,916,225,913,230,910,230,909,234,906,235,901,233,898,228,896,228,895,229,897,233,894,236,862,224,862,220,864,218,854,212,853,209,855,206,854,204,855,199,853,196,846,194,842,198,839,199,834,198,832,200,834,206,840,209,838,213,839,215,831,225,830,227,824,229,821,234,826,240,829,242,827,245,824,246,822,245,818,248,821,252,826,252,825,254,822,254,824,259,828,261,833,261,835,258,836,256,838,261,837,263,839,276,855,309,856,316
Indonesia,ID						1126,397,1126,367,1115,362,1104,367,1102,371,1099,368,1097,360,1095,358,1090,358,1085,360,1085,362,1093,365,1093,367,1091,367,1092,373,1098,373,1113,380,1116,387,1114,389,1112,391,1112,392,1116,393,1119,392,1124,397,1126,397,1057,395,1058,398,1058,400,1056,400,1054,402,1051,402,1051,401,1055,395,1057,395,1126,397,1019,392,1012,389,1010,389,1004,385,995,387,990,384,984,383,979,384,978,386,978,388,988,391,993,390,1001,393,1018,395,1019,392,1126,397,1020,373,1021,371,1023,371,1030,354,1031,352,1034,351,1034,350,1030,344,1029,340,1030,337,1029,336,1026,335,1023,336,1022,337,1019,345,1017,347,1016,347,1014,349,1011,348,1004,351,1000,352,999,352,995,348,994,348,993,352,998,369,1010,371,1013,370,1019,373,1020,373,1126,397,936,330,938,336,948,345,950,351,956,358,963,372,971,380,975,382,980,379,981,374,980,368,979,368,975,364,972,359,970,359,970,356,968,351,965,350,962,347,961,347,958,344,957,344,954,341,951,336,946,333,939,330,936,330,1126,397,1050,377,1050,372,1048,365,1048,363,1053,361,1053,359,
							1043,360,1041,357,1042,352,1048,353,1054,356,1059,354,1061,348,1053,351,1044,349,1042,349,1038,353,1036,365,1033,369,1035,374,1036,375,1035,377,1035,379,1037,381,1041,380,1040,371,1042,368,1045,375,1049,377,1050,377,1126,397
"Iran, Islamic Republic of",IR				725,176,715,180,714,179,713,180,717,189,722,194,721,200,726,207,730,209,733,216,736,219,741,219,744,221,747,229,758,235,763,235,769,233,774,240,789,242,791,240,790,237,794,233,793,229,787,223,786,219,787,214,785,213,780,200,783,194,779,188,761,182,751,186,750,189,746,190,732,184,728,177
Iraq,IQ							715,186,717,189,722,194,721,200,726,207,730,209,733,216,736,219,735,220,734,220,729,219,727,221,726,223,723,223,716,220,711,215,702,210,699,210,695,205,695,204,703,199,704,190,706,188,705,187,706,186,714,187
Ireland,IE						518,108,511,111,512,117,510,120,511,124,524,120,524,115,525,112,523,112,520,111
Isle of Man,IM						530,112,3
Israel,IL						680,205,678,218,681,223,683,221,683,219,681,217,681,213,683,209,682,207,683,206
Italy,IT						572,158,578,154,580,155,584,163,602,174,603,183,600,183,596,182,591,183,580,178,580,171,579,169,576,169,574,172,576,179,580,178,591,183,591,185,601,189,602,183,605,183,608,180,607,173,614,174,614,172,599,164,593,156,591,156,589,151,594,150,595,148,593,145,590,145,588,143,586,143,584,145,581,145,578,147,573,147,570,149,569,152
Jamaica,JM						217,170,223,270,226,272,226,274,221,274,217,273
Japan,JP						1074,150,1080,155,1090,158,1091,160,1091,161,1087,162,1087,105,1079,163,1078,163,1078,168,1079,169,1082,169,1087,172,1090,179,1089,183,1091,191,1092,193,1091,194,1089,197,1079,198,1078,204,1076,204,1077,199,1068,199,1059,201,1057,200,1057,198,1061,197,1064,193,1067,193,1069,194,1082,184,1082,179,1078,171,1079,169,1078,168,1067,201,1071,201,1071,204,1068,207,1066,207,1065,204,1065,202,1067,201,1078,168,1058,202,1063,205,1063,214,1060,214,1059,209,1055,206,1056,202,1058,202,1078,168,1077,168,1073,163,1072,163,1072,161,1075,157,1072,152,1072,153,1072,150,1074,150
Jersey,JE						546,128,3
Jordan,JO						683,209,684,210,684,218,683,217,683,221,685,223,686,222,687,222,689,220,690,220,691,219,692,215,693,212,695,210,697,210,698,209,695,205,693,205,690,207,687,209,684,208
Kazakhstan,KZ						727,146,735,143,742,147,742,150,737,150,734,152,733,157,736,161,743,164,746,162,748,162,755,167,756,166,752,153,753,152,764,150,779,157,780,158,788,158,792,162,792,163,796,167,804,170,812,164,812,163,813,162,821,163,826,160,835,162,836,161,840,161,846,165,848,160,843,153,850,148,850,146,853,143,856,144,857,143,858,143,859,142,858,137,862,133,859,131,857,131,856,132,844,126,839,127,835,125,834,126,831,126,828,121,820,118,817,114,813,112,812,111,811,112,807,114,796,111,789,107,766,112,762,114,763,117,762,119,760,121,765,125,760,128,751,125,745,127,729,122,724,124,721,127,721,129,720,130,717,129,715,132,715,136,721,141,722,141,723,142,723,143,724,144,725,144,727,145
Kenya,KE						702,378,704,372,713,363,710,356,709,349,711,342,713,340,713,339,714,338,710,336,701,339,694,336,689,332,686,334,683,334,681,337,683,339,685,347,681,353,679,359,696,367,697,368,697,370,698,771,698,372,700,374,700,375,702,377,702,378
Kiribati,KI						1262,349,3
"Korea, Democratic People's Republic of",KP		1032,185,1035,182,1037,182,1028,181,1033,176,1038,174,1039,169,1037,167,1039,164,1037,162,1034,162,1033,163,1033,164,1031,166,1030,166,1028,168,1027,167,1026,167,1025,168,1025,169,1021,173,1021,174,1019,176,1024,177,1025,180,1025,183,1027,183,1029,184,1032,185
"Korea, Republic of",KR					1032,185,1035,182,1037,182,1028,181,1040,181,1042,183,1036,186,1047,186,1049,192,1050,193,1050,196,1040,200,1036,189,1032,185
Kosovo,XK						622,160,619,161,619,163,621,165,622,164,625,163
Kuwait,KW						727,222,732,225,735,225,735,220,729,219,727,221,727,222
Kyrgyzstan,KG						812,164,812,163,813,162,821,163,826,160,835,162,836,161,840,161,846,165,842,169,835,172,834,173,831,172,827,174,823,178,826,176,823,177,812,177,811,176,811,175,810,174,812,172,813,173,816,174,821,170,817,168,815,168,814,169,812,167,811,167,810,166,812,164
Lao People's Democratic Republic,LA			974,290,975,284,971,280,970,276,966,272,962,274,959,273,956,276,954,273,955,268,954,267,953,267,952,266,950,261,952,258,954,258,955,259,956,258,955,254,956,253,957,253,961,259,964,261,965,262,966,267,971,270,983,286,983,289,982,290,981,290,977,292,974,290
Latvia,LV						640,107,638,105,631,102,628,103,625,102,622,102,620,104,619,104,619,101,620,97,624,97,628,99,631,95,640,97,641,98,643,103,641,105,640,107
Lebanon,LB						682,198,681,204,683,206,686,200,684,198,682,198
Lesotho,LS						649,489,652,486,655,485,658,487,657,491,656,492,652,493,649,490,649,489
Liberia,LR						491,324,501,333,507,334,508,333,508,329,504,325,505,322,504,321,502,321,501,322,500,321,500,319,498,317,497,317,496,316,495,317,495,319,493,321,493,322,491,324
Libya,LY						641,211,641,264,638,264,638,266,607,250,603,250,601,252,600,251,590,249,589,248,589,247,589,246,585,245,583,243,582,243,581,242,579,236,581,231,579,219,582,214,582,211,583,210,584,210,587,207,588,205,602,208,605,214,618,217,621,214,621,210,623,206,630,206,641,211
Liechtenstein,LI					583,143,3
Lithuania,LT						640,107,638,105,631,102,628,103,625,102,622,102,620,104,620,106,621,107,624,107,625,108,624,109,624,110,625,111,626,111,628,113,629,115,630,114,633,113,635,113,638,110,638,109,640,107
Luxembourg,LU						567,129,566,129,565,130,565,131,564,132,565,133,567,133,568,132,568,130,567,129
Macao,MO						1000,258,3
"Macedonia, the Former Yugoslav Republic of",MK		623,172,621,165,625,163,626,163,628,165,629,165,631,167,627,169,624,170,623,172
Madagascar,MG						747,423,737,451,735,462,732,469,724,471,718,469,716,455,722,445,721,733,723,428,730,427,737,420,740,418,742,411,744,411,747,421,747,423
Malawi,MW						682,414,687,419,688,426,684,430,683,429,682,429,681,428,682,423,679,420,675,418,677,413,677,411,678,406,676,402,678,398,680,398,681,399,681,400,683,402,683,406,684,407,683,408,682,414
Malaysia,MY						968,330,973,347,971,347,971,350,962,344,957,334,956,327,957,326,958,326,961,329,966,328,968,330,995,347,1001,348,1002,344,1010,340,1012,334,1019,332,1024,325,1028,325,1034,331,1031,337,1026,335,1023,336,1022,337,1019,345,1017,347,1016,347,1014,349,1011,348,1004,351,999,352,995,347,968,330	
Maldives,MV						842,333,3
Mali,ML							521,242,553,266,553,268,557,268,557,280,555,285,538,287,534,291,528,292,525,293,521,297,520,300,517,303,516,307,512,308,507,307,506,308,505,306,505,305,502,299,495,301,492,298,493,297,491,292,489,290,491,285,515,285,515,242,521,242
Malta,MT						598,193,3
Marshall Islands,MH					1254,322,3
Martinique,MQ						291,285,3
Mauritania,MR						507,232,520,242,515,242,515,285,491,285,489,289,485,283,483,281,478,279,473,280,475,272,473,264,471,259,471,258,487,258,487,252,492,249,492,237,506,237,506,232
Mauritius,MU						775,447,3
Mayotte,YT						728,416,3
Mexico,MX						108,265,115,272,142,284,150,281,156,284,158,287,159,289,161,283,162,282,165,282,167,280,166,276,168,274,173,273,175,271,176,271,178,269,179,269,181,271,185,259,185,258,181,257,171,259,169,266,163,270,154,272,148,269,145,264,142,252,147,238,146,237,144,237,141,234,138,224,134,220,132,220,129,221,127,223,126,223,123,220,122,215,120,213,119,213,117,211,112,211,110,213,99,213,86,207,78,207,77,216,81,225,80,230,82,234,83,234,87,238,86,240,86,242,89,246,92,250,95,250,91,240,90,232,84,219,83,215,86,212,90,214,91,224,98,235,98,239,105,245,109,254,110,257,108,265
"Micronesia, Federated States of",FM			1194,322,3
"Moldova, Republic of",MD				643,138,647,142,649,149,650,151,652,148,649,138,648,137,644,137
Monaco,MC						570,155,569,156,569,159,572,158,572,156,571,155
Mongolia,MN						926,128,945,133,948,133,957,130,967,132,968,133,967,134,968,138,973,140,974,139,979,140,984,142,986,144,985,145,980,144,976,148,967,152,964,151,963,151,961,153,964,158,962,161,957,163,948,164,941,167,919,162,909,163,902,156,893,152,888,153,883,151,881,149,880,146,877,143,877,142,875,140,872,139,868,138,864,134,868,132,872,128,880,126,896,130,899,129,900,128,897,125,897,124,900,121,907,123,908,123,913,125,915,127,922,129,926,128
Montenegro,ME						617,159,613,162,614,163,614,164,616,166,617,165,617,164,619,162,619,161,618,160,617,160
Montserrat,MS						284,284,3
Morocco,MA						488,230,506,230,506,225,508,223,515,220,518,220,520,218,521,218,523,216,526,215,527,214,526,213,526,212,528,210,531,209,534,210,536,208,535,198,534,197,526,196,521,193,519,193,515,200,505,206,502,214,502,218,496,225,493,226,490,228,489,228
Mozambique,MZ						708,403,694,408,684,407,683,408,682,414,687,419,688,426,684,430,683,429,682,429,681,428,682,423,679,420,675,418,672,419,670,421,665,423,662,426,663,427,669,428,674,431,675,432,677,437,676,438,674,447,671,454,670,455,669,455,668,456,669,457,668,460,670,471,669,472,670,473,670,476,671,477,673,475,674,470,682,467,685,463,686,458,682,449,683,446,690,440,691,436,702,431,706,427,709,419,707,407,708,406,708,403
Myanmar,MM						916,259,917,263,923,265,929,277,928,279,929,283,933,284,938,279,941,280,946,297,948,298,947,310,949,308,950,303,950,297,948,292,947,289,946,282,945,279,943,277,941,272,941,271,942,268,944,266,945,266,948,263,949,263,951,259,950,258,948,258,947,257,945,252,943,250,943,249,942,248,939,247,938,246,937,243,940,236,938,231,936,229,933,238,931,230,931,231,930,232,925,234,924,238,923,244,920,251,921,256,920,257,917,258
Namibia,NA						621,483,621,461,626,449,626,438,635,437,638,438,639,437,641,437,643,435,642,434,639,434,627,436,605,434,594,432,589,433,589,437,597,451,601,467,604,482,606,484,609,483,615,486,621,483
Nauru,NR						1234,358,3
Nepal,NP						863,225,874,230,894,236,897,233,895,229,894,229,891,226,890,226,888,224,884,225,875,222,872,219,869,218,864,218,862,220,862,224
Netherlands,NL						571,114,570,119,568,121,567,124,566,125,565,124,562,123,560,123,559,122,566,115,571,114
New Caledonia,NC					1221,458,1218,458,1210,450,1210,448,1208,446,1208,441,1210,441,1215,449,1221,455,1221,458
New Zealand,NZ						1206,542,1204,540,1204,539,1203,539,1200,541,1196,544,1195,544,1192,547,1189,549,1183,552,1169,558,1166,560,1164,562,1163,565,1167,566,1172,566,1183,561,1188,556,1195,554,1195,552,1198,550,1205,547,1206,544,1206,542,1209,543,1210,544,1211,544,1217,542,1221,538,1222,538,1226,534,1231,532,1233,527,1233,526,1229,527,1225,523,1224,520,1225,517,1225,515,1223,513,1221,513,1221,518,1222,522,1221,528,1215,530,1212,533,1213,539,1210,541,1209,541,1209,543,1206,542
Nicaragua,NI						193,306,195,289,194,288,191,288,189,290,183,292,182,293,182,294,181,295,180,295,179,296,178,296,179,300,183,304,193,306
Niger,NE						557,268,557,280,555,285,541,286,540,287,541,288,540,291,541,292,541,293,543,295,548,297,550,299,551,299,553,301,554,300,555,297,557,295,557,294,558,293,563,291,564,292,565,292,567,294,570,295,573,295,578,297,585,294,590,296,595,293,596,288,598,286,598,285,601,282,601,281,603,279,604,276,605,272,604,268,605,262,601,253,601,252,600,251,598,251,590,249,589,248,563,268,557,268
Nigeria,NG						553,301,554,300,555,297,557,295,557,294,558,293,563,291,564,292,565,292,567,294,570,295,573,295,578,297,585,294,590,296,595,293,600,300,593,313,593,316,591,321,590,322,585,324,582,323,580,325,579,325,577,327,575,335,571,334,563,335,563,332,561,328,554,325,551,326,551,316,554,308,555,304,553,302,553,301
Niue,NU							11,431,3
Norfolk Island,NF					1196,491,3
Northern Mariana Islands,MP				1132,301,3
Norway,NO						639,50,637,48,635,48,632,47,627,52,622,52,616,51,606,54,603,57,603,58,600,61,597,62,595,64,594,69,591,71,590,71,588,73,590,83,587,90,586,90,584,92,582,92,575,95,572,95,567,92,566,88,566,86,565,82,567,78,579,73,583,70,589,66,590,62,595,57,597,57,599,52,623,44,630,45,635,44,645,47,642,48,641,48,639,50
Oman,OM							770,244,777,247,781,251,782,251,784,253,784,257,778,263,776,268,766,278,763,278,759,279,757,277,754,270,755,269,765,265,768,258,767,255,766,254,764,253,765,252,767,247,770,244
Pakistan,PK						845,195,842,198,839,199,834,198,832,200,834,206,839,208,840,209,839,210,838,213,839,214,839,215,836,218,836,219,833,222,833,223,831,225,831,226,830,227,824,229,823,230,822,233,821,234,823,236,823,237,826,240,827,240,829,242,828,243,828,244,827,245,824,246,823,245,821,245,818,248,814,247,813,243,807,240,802,242,791,241,791,240,790,237,794,233,793,229,787,223,787,222,788,221,795,222,802,221,804,219,805,219,806,218,807,215,809,213,814,211,815,212,816,211,819,202,821,200,822,200,823,199,821,194,821,192,824,189,833,187,845,195
Palau,PW						1097,322,3
"Palestine, State of",PS				684,210,684,218,683,219,681,217,681,215,682,210,683,209,683,209,684,210,679,213,677,213,677,216,678,216,679,215,679,213,684,210
Panama,PA						220,316,219,319,218,320,214,321,215,316,211,315,207,316,207,319,205,321,200,320,198,318,195,317,196,313,197,312,202,314,211,312,215,312,220,316
Papua New Guinea,PG					1126,368,1126,397,1132,398,1135,396,1137,391,1140,390,1144,392,1149,397,1151,401,1167,406,1167,404,1164,401,1163,401,1160,398,1159,398,1156,395,1155,392,1152,389,1153,385,1150,379,1146,378,1144,375,1143,375,1141,373,1129,368,1126,368,1158,382,1167,380,1172,374,1170,371,1165,369,1165,367,1167,367,1173,370,1176,373,1176,377,1173,377,1171,382,1170,382,1167,385,1163,386,1158,384,1158,382,1126,368,1179,380,1180,387,1182,389,1186,388,1182,384,1181,380,1179,380,1126,368
Paraguay,PY						306,478,313,479,316,478,318,476,318,475,320,473,321,466,317,462,310,459,308,457,307,457,305,455,304,450,302,445,300,443,295,441,290,443,288,445,285,452,284,453,285,454,285,455,291,461,292,461,294,463,305,467,306,468,307,471,306,472,305,477,306,478
Peru,PE							209,387,216,405,219,407,219,409,223,412,226,421,228,423,230,425,242,431,245,434,249,438,250,439,254,435,256,430,247,429,256,428,254,422,255,413,253,406,252,405,249,404,248,403,247,400,246,399,242,400,239,397,238,397,236,395,233,388,235,383,236,378,238,376,244,374,245,374,246,373,245,372,246,369,247,368,245,366,241,365,237,366,235,364,234,364,231,361,230,358,228,356,227,356,226,357,224,364,223,365,220,366,218,368,215,369,214,370,212,376,211,377,202,373,201,375,204,384,205,384,209,387
Philippines,PH						1062,306,1058,306,1055,303,1054,299,1059,300,1062,305,1062,306,1062,310,1066,322,1066,326,1064,326,1063,327,1063,329,1057,330,1053,321,1047,322,1049,317,1055,318,1056,316,1058,316,1060,310,1062,310,1062,306,1052,310,1051,314,1050,315,1048,315,1047,311,1048,308,1046,308,1043,306,1044,302,1048,302,1049,303,1047,308,1050,308,1052,310,1062,306,1053,297,1053,293,1051,291,1046,291,1042,287,1044,279,1041,272,1037,271,1035,273,1035,277,1033,283,1035,289,1036,289,1040,293,1040,294,1045,296,1048,295,1053,297,1062,306
Pitcairn,PN						113,439,3
Poland,PL						597,113,607,109,613,111,614,110,623,112,626,111,628,113,630,118,629,119,632,127,630,129,629,129,628,130,628,131,626,133,623,132,619,132,616,131,612,132,609,129,600,127,598,125,599,124,597,117,597,115,596,114,597,113
Portugal,PT						510,164,517,166,518,166,519,167,518,168,515,176,515,178,516,179,513,186,513,187,508,187,507,186,508,182,507,182,509,167,510,167,510,164
Puerto Rico,PR						263,270,269,270,269,273,268,274,263,274,262,273,262,271,263,270
Qatar,QA						750,238,751,242,749,244,746,241,747,238,750,238
Réunion,RE						767,447,3
Romania,RO						619,147,624,152,627,153,630,156,635,157,638,157,645,155,648,156,650,158,654,152,651,151,649,149,647,142,643,138,636,140,631,139,628,140,627,139,626,140,626,141,624,143,624,144,622,146,620,146,619,147
Russian Federation,RU					638,51,638,53,642,57,641,58,641,59,640,60,641,61,641,62,643,64,643,68,645,73,647,75,648,75,649,76,648,77,648,78,645,81,645,82,644,83,639,85,641,86,643,86,645,87,640,89,640,90,641,91,640,92,640,93,641,96,640,97,641,98,643,103,644,104,651,105,653,105,654,106,654,107,656,109,658,115,657,119,658,120,663,119,666,120,669,123,669,124,670,125,677,128,687,130,689,132,689,133,691,135,690,138,686,142,684,150,683,152,679,149,676,149,674,147,669,148,667,148,666,151,668,153,672,154,679,151,679,149,683,152,683,153,693,158,694,157,696,157,702,160,705,159,724,167,725,168,726,167,727,167,728,165,724,161,722,156,720,156,720,153,727,146,735,143,742,147,742,150,737,150,734,152,733,157,736,161,743,164,746,162,748,162,755,167,756,166,752,153,753,152,764,150,779,157,780,158,788,158,792,162,792,163,796,167,804,170,812,164,812,163,813,162,821,163,826,160,835,162,836,161,840,161,846,165,848,160,843,153,850,148,850,146,853,143,856,144,857,143,858,143,859,142,858,137,862,133,864,134,868,132,872,128,875,127,880,									126,895,130,899,129,900,128,897,125,897,124,900,121,907,123,908,123,913,125,915,127,918,128,921,129,923,129,926,128,946,133,949,133,957,130,962,131,964,131,967,132,968,133,972,131,973,131,975,129,974,125,975,122,973,120,973,119,971,117,972,116,979,114,989,116,992,117,999,124,999,125,1002,128,1003,128,1006,131,1007,131,1009,133,1019,135,1021,137,1022,137,1025,140,1030,141,1032,139,1035,138,1036,137,1037,138,1038,138,1039,139,1038,142,1039,143,1039,144,1041,146,1040,147,1040,148,1036,152,1035,152,1034,153,1035,134,1035,155,1037,157,1037,158,1038,159,1038,161,1037,162,1039,164,1040,164,1040,161,1041,160,1047,162,1052,159,1056,145,1069,147,1061,133,1049,119,1047,116,1047,115,1051,115,1054,118,1057,124,1065,128,1069,132,1069,135,1066,135,1066,136,1073,143,1074,147,1069,147,1056,145,1055,141,1056,137,1054,128,1051,127,1049,125,1047,119,1044,116,1043,116,1039,112,1035,111,1030,113,1019,109,1023,95,1028,91,1034,90,1041,91,1049,89,1058,92,1063,91,1062,84,1063,84,1063,82,1065,80,1074,82,1076,
							84,1079,84,1080,83,1080,78,1083,78,1085,80,1086,85,1084,90,1084,93,1081,99,1085,106,1092,114,1093,114,1096,117,1098,117,1102,122,1104,125,1110,124,1108,117,1109,116,1107,112,1108,111,1110,111,1109,107,1107,105,1106,100,1101,97,1096,95,1096,94,1094,91,1094,89,1107,85,1112,87,1116,84,1118,80,1124,78,1127,79,1130,78,1130,75,1112,69,1112,67,1119,68,1119,67,1116,64,1117,63,1139,69,1144,68,1144,66,1143,66,1138,61,1132,59,1127,61,1117,56,1107,55,1095,51,1063,47,1065,52,1058,49,1048,48,1038,49,1032,48,1022,44,1015,45,1006,44,997,44,990,41,984,39,981,40,976,38,964,37,959,38,960,42,955,44,919,35,905,35,901,37,889,34,882,36,872,33,861,36,859,35,869,30,869,27,859,23,852,23,846,24,837,20,831,20,824,26,818,25,798,28,799,33,796,34,793,33,785,35,782,39,775,42,773,41,769,41,770,48,776,50,779,55,777,60,771,62,772,58,774,56,773,52,770,49,764,42,764,41,762,38,758,37,752,38,749,42,751,48,760,52,758,54,738,49,734,50,732,52,717,54,715,52,711,52,701,55,699,57,695,58,692,58,692,55,691,54,685,54,686,61,676,
							63,676,67,666,66,666,68,671,70,669,71,666,71,660,69,658,67,656,62,652,61,652,59,661,60,666,62,672,62,678,60,677,56,657,50,654,50,652,51,647,48,644,47,643,48,641,48,638,51,619,106,616,109,615,110,616,111,624,112,625,111,624,110,624,109,625,108,624,107,621,107,620,106,619,106,638,51	 
Rwanda,RW						665,360,666,361,667,361,668,362,668,364,666,366,663,367,662,368,660,366,661,362,662,361,664,361,665,360
Saint Barthélemy,BL					281,278,3
"Saint Helena, Ascension and Tristan da Cunha",SH	545,416,3	
Saint Kitts and Nevis,KN				284,280,3
Saint Lucia,LC						288,288,3
Saint Martin (French part),MF				285,275,288,275,288,274,285,274,285,275
Saint Pierre and Miquelon,PM				331,144,3
Saint Vincent and the Grenadines,VC			287,294,3
Samoa,WS						1317,417,1314,420,1312,418,1312,417,1313,416,1316,416,1317,417
San Marino,SM						586,155,3
Sao Tome and Principe,ST				570,347,3
Saudi Arabia,SA						681,223,685,234,697,250,699,251,702,263,706,267,710,271,711,275,715,279,721,276,722,276,731,278,734,276,735,278,735,277,737,275,738,275,740,273,752,269,753,269,754,270,755,269,765,265,768,258,767,255,766,254,761,252,758,252,753,250,749,246,749,244,746,241,744,241,743,240,742,234,740,234,740,230,736,225,733,225,728,223,727,222,726,223,723,223,716,220,711,215,710,215,708,213,701,210,699,210,698,209,697,210,695,210,693,212,691,219,690,220,689,220,687,222,686,222,685,223,683,221,681,223
Senegal,SN						469,285,471,293,478,292,481,293,482,294,481,295,470,295,470,298,472,299,480,297,487,298,490,299,491,298,492,298,493,297,491,292,489,290,489,289,487,287,487,286,485,284,485,283,483,281,478,279,473,280,472,283,469,285
Serbia,RS						619,147,624,152,627,153,629,155,628,156,629,160,628,163,627,164,626,163,625,163,622,160,621,160,620,161,617,160,616,159,617,155,616,154,616,152,615,151,616,150,615,149,615,148,616,147,619,147
Seychelles,SC						773,379,3
Sierra Leone,SL						491,324,493,322,493,321,495,319,496,314,495,313,495,312,493,310,490,309,489,310,488,310,487,311,487,312,485,314,485,316,486,320,490,324,491,324
Singapore,SG						972,348,3
Sint Maarten (Dutch part),SX				285,276,288,276,288,277,285,277,285,276
Slovakia,SK						608,139,613,139,620,136,621,136,626,137,627,136,627,134,626,133,623,132,620,132,616,131,613,132,612,132,609,135,608,135,607,136,607,138,608,139
Slovenia,SI						604,143,595,145,594,146,595,149,594,150,594,151,596,151,602,148,602,147,604,145,604,143
Solomon Islands,SB					1196,390,1200,394,1200,396,1197,396,1194,393,1194,390,1196,390,1197,398,1202,399,1202,402,1199,402,1197,400,1197,398,1196,390,1193,397,1191,391,1192,391,1192,389,1189,386,1186,386,1186,388,1190,392,1188,392,1188,394,1190,396,1190,397,1193,397,1196,390
Somalia,SO						752,310,737,340,719,354,719,356,716,358,716,360,713,363,709,351,710,345,711,342,713,340,713,339,716,336,717,336,719,334,721,334,728,332,729,331,729,330,732,327,732,326,738,320,738,317,739,314,743,310,743,309,745,307,745,303,751,301,752,310
South Africa,ZA						621,468,621,483,620,484,615,486,608,483,607,484,606,484,606,486,609,489,611,495,613,497,613,498,615,500,614,501,614,505,615,509,617,511,621,512,634,509,641,511,650,507,668,488,668,487,672,483,674,482,673,475,669,479,668,478,665,477,665,474,667,472,669,472,670,471,668,459,669,458,669,457,668,456,659,455,656,458,655,458,650,463,650,464,649,465,646,466,645,467,644,470,643,471,642,471,641,472,634,469,632,471,632,473,629,476,625,477,624,476,625,473,624,470,624,469,623,468,621,468
South Georgia and the South Sandwich Islands,GS		389,570,3
South Sudan,SS						668,339,665,336,664,336,662,334,657,336,656,336,654,334,654,333,652,331,653,330,653,329,651,327,650,327,647,324,647,323,645,321,645,320,642,317,643,316,644,310,647,307,648,307,649,306,650,307,650,308,653,311,654,311,657,312,659,309,666,307,667,306,669,308,670,308,674,304,674,301,675,300,676,300,679,303,682,314,680,316,677,317,676,318,676,319,677,320,682,322,683,323,684,327,685,328,686,328,688,330,688,331,689,332,688,333,685,334,683,334,682,335,682,336,681,337,669,338,668,339
Spain,ES						510,164,517,166,518,166,519,167,518,168,515,176,515,178,516,179,513,186,513,187,518,190,519,189,522,189,523,190,525,189,532,189,536,187,542,181,542,179,544,173,552,168,553,167,553,166,556,166,556,163,555,162,550,163,549,164,546,164,544,162,539,160,537,158,535,159,514,157,510,158,509,162,509,164,510,564,551,178,555,178,556,177,556,174,552,174,551,178,510,164
Sri Lanka,LK						871,316,872,327,874,328,879,327,880,323,878,317,873,312,872,312,872,315,871,315,871,316
Sudan,SD						642,317,643,316,644,310,647,307,648,307,649,306,650,307,650,308,653,311,654,311,657,312,659,309,666,307,667,306,669,308,670,308,674,304,674,301,675,300,676,300,679,303,681,310,683,307,684,303,686,301,686,300,688,298,688,297,690,295,690,292,692,290,691,289,690,286,691,283,692,279,694,277,695,277,698,274,698,272,694,268,692,264,692,257,690,255,690,254,686,250,685,251,684,251,680,255,677,256,676,255,641,255,641,264,638,264,638,284,635,284,635,285,633,287,631,295,634,303,635,304,634,305,635,306,636,306,637,307,639,316,640,317,642,317
Suriname,SR						314,329,312,333,314,339,311,344,308,344,303,346,302,346,300,338,298,336,299,333,302,330,302,329,303,328,308,329,312,328,314,328,314,329
Svalbard and Jan Mayen,SJ				611,21,609,21,608,20,608,19,606,17,606,16,604,14,605,13,606,13,609,12,610,13,612,13,614,15,614,16,612,18,612,20,611,21
Sweden,SE						619,52,618,51,616,51,606,54,603,57,603,58,600,61,597,62,595,64,594,69,591,71,590,71,588,73,590,83,587,90,586,90,584,92,586,95,588,98,589,103,592,106,594,106,597,105,600,103,602,101,604,94,610,91,611,86,608,85,605,83,605,79,607,75,613,73,618,68,618,66,623,63,622,56,620,54,619,54,618,53,619,52
Switzerland,CH						566,145,571,140,572,141,573,140,578,140,582,144,582,145,577,147,574,147,571,148,570,149,569,148,569,147,568,146,567,146,566,145
Syrian Arab Republic,SY					705,187,696,189,693,188,691,188,686,189,685,190,685,191,684,192,682,192,682,198,685,198,686,201,685,202,684,205,682,207,682,208,683,209,684,208,687,209,688,208,691,207,693,205,695,205,695,204,697,202,702,200,703,199,704,190,706,188,705,187
"Taiwan, Province of China",TW				1036,244,1034,255,1030,254,1028,248,1032,241,1035,241,1035,244,1036,244
Tajikistan,TJ						825,176,829,180,830,180,831,181,832,185,831,186,830,185,825,186,822,187,821,186,821,184,819,182,816,181,814,183,814,184,812,186,807,188,805,187,806,186,807,183,806,183,805,182,803,177,804,176,805,176,807,174,808,171,809,170,812,170,813,171,810,174,811,175,811,176,812,177,817,176,822,178,823,178,825,176
"Tanzania, United Republic of",TZ			702,377,701,383,703,394,707,403,706,404,694,408,684,407,683,406,683,402,681,400,681,399,680,398,678,398,677,399,674,396,673,396,670,393,669,393,667,391,662,380,662,375,664,373,665,373,666,372,667,367,666,366,668,364,668,362,670,360,678,359,686,362,688,364,696,367,697,368,698,372,700,374,700,375,702,377
Thailand,TH						950,262,949,263,948,263,945,266,944,266,942,268,941,271,943,277,945,279,946,282,948,292,950,297,950,303,949,308,947,310,946,318,948,318,955,325,955,327,956,327,957,326,958,326,961,329,963,329,964,328,960,323,959,323,956,320,955,315,952,312,951,309,953,301,952,295,955,295,959,299,964,301,965,300,963,294,964,292,966,290,969,289,974,291,974,289,975,284,971,280,970,276,966,272,962,274,959,273,956,276,955,275,954,272,955,268,954,267,953,267,952,266,950,261,950,262
Timor-Leste,TL						1068,396,1068,394,1063,393,1061,393,1057,394,1058,398,1066,396,1068,396
Togo,TG							543,305,546,313,547,327,544,328,544,327,541,320,541,313,539,306,541,304,542,304,543,305
Tokelau,TK						1325,398,3
Tonga,TO						1305,435,1302,438,1301,437,1301,435,1302,434,1304,434,1305,435
Trinidad and Tobago,TT					287,306,286,311,281,311,282,307,282,306,287,306
Tunisia,TN						584,188,580,186,573,188,575,194,571,202,572,205,575,208,575,209,578,212,580,218,580,217,582,215,582,211,583,210,584,210,587,207,587,206,588,205,584,200,585,194,584,191,584,188
Turkey,TR						648,165,654,169,659,168,661,169,668,165,673,165,679,166,688,170,692,171,698,170,700,166,708,169,709,170,709,171,711,173,712,173,713,174,712,175,712,177,714,179,713,180,715,186,714,187,709,186,696,189,693,188,691,188,686,189,685,190,685,191,684,192,683,192,683,191,681,189,680,189,672,192,669,192,667,190,663,189,661,189,660,191,652,190,650,188,649,188,647,182,647,180,644,177,643,177,643,174,647,173,652,173,654,171,653,170,647,171,643,172,643,169,644,168,643,167,645,165,648,165
Turkmenistan,TM						801,185,801,184,799,182,785,176,784,175,782,170,775,168,771,164,768,163,764,163,759,168,756,168,754,166,753,166,750,163,747,162,744,163,743,164,743,166,747,165,749,167,749,168,752,170,751,171,745,171,747,177,751,181,752,186,762,182,778,188,779,188,781,190,782,193,783,194,786,195,792,192,793,191,794,188,796,186,798,185,801,185
Turks and Caicos Islands,TC				244,250,3
Tuvalu,TV						1281,400,3
Uganda,UG						669,338,681,337,683,339,685,347,684,349,682,351,680,358,679,359,676,359,670,360,668,362,667,361,666,361,665,360,663,354,669,344,668,339,669,338
Ukraine,UA						634,121,650,124,654,123,656,121,663,119,666,120,669,123,669,124,670,125,677,128,687,130,689,132,689,133,691,135,690,138,687,141,669,148,664,147,663,144,656,148,653,153,652,151,651,151,650,150,654,145,652,140,650,138,647,137,636,140,632,139,628,140,627,139,627,138,626,137,627,136,627,134,626,133,628,131,628,130,629,129,630,129,632,127,631,124,634,121
United Arab Emirates,AE					770,244,769,241,770,239,769,236,767,236,766,238,760,245,755,246,749,244,749,246,753,250,758,252,764,253,765,252,767,247,770,244
United Kingdom,GB					526,129,545,126,549,126,548,122,552,120,551,117,546,117,544,110,542,108,541,106,539,104,536,104,536,103,539,100,539,98,535,98,535,95,530,96,528,102,529,105,529,108,535,109,536,114,530,116,530,120,528,120,528,122,534,123,534,125,526,127,526,129,526,107,518,107,519,110,520,111,523,112,526,112,527,111,527,108,526,107,526,129
United States,US					98,134,93,142,93,138,87,138,83,149,74,158,71,166,66,171,65,180,68,184,66,186,67,188,69,200,75,202,78,207,86,207,99,213,110,213,112,211,117,211,119,213,120,213,122,215,123,220,126,223,127,223,129,221,133,220,134,220,138,224,141,234,144,237,147,237,150,228,160,224,162,222,169,219,181,223,183,223,184,219,191,219,201,220,204,219,209,223,208,229,211,240,215,241,218,235,216,217,221,209,226,207,230,203,234,201,239,199,244,194,245,189,244,185,246,181,247,184,249,184,249,181,253,177,259,174,259,172,261,170,276,165,277,159,293,152,292,148,294,144,293,143,293,142,292,141,286,143,279,150,273,151,266,151,258,154,254,158,250,159,248,159,246,158,239,164,231,167,229,167,230,162,234,158,229,156,233,152,233,149,227,149,219,155,215,165,212,166,210,164,216,152,218,150,230,147,230,145,227,144,224,145,217,142,211,144,207,144,207,142,214,139,201,135,199,133,198,134,98,134,92,108,91,103,92,99,90,94,83,92,81,89,76,87,59,83,45,88,40,87,0,104,0,100,15,93,14,92,10,93,4,91,4,89,9,87,11,83,10,78,15,76,15,75,32,72,36,
							69,38,68,36,67,31,69,22,67,22,65,33,61,40,62,47,59,43,56,43,53,51,51,54,51,69,46,92,43,125,48,126,49,82,84,83,85,83,86,85,88,85,89,86,90,91,89,93,89,96,92,97,95,95,101,97,103,96,106,94,108,92,108,98,134
Uruguay,UY						314,490,312,492,310,501,311,507,314,510,324,513,326,513,331,510,333,505,328,500,327,500,324,497,317,494,315,492,315,491,314,490
Uzbekistan,UZ						801,185,801,184,799,182,785,176,784,175,782,170,775,168,771,164,768,163,764,163,759,168,756,168,755,167,756,166,752,153,753,152,763,150,781,158,788,158,792,162,792,163,796,167,804,170,806,169,808,167,809,167,810,166,811,167,812,167,814,169,815,168,820,169,821,170,818,173,817,173,816,174,813,173,812,172,813,171,812,170,809,170,808,171,807,174,805,176,804,176,803,177,805,182,806,183,807,183,806,186,805,187,802,186,801,185
Vanuatu,VU						1226,424,1226,426,1228,431,1229,432,1230,432,1232,430,1233,430,1234,429,1234,427,1233,426,1231,426,1231,430,1229,428,1228,423,1227,423,1226,424
Holy See (Vatican City State),VA			589,164,3
"Venezuela, Bolivarian Republic of",VE			292,317,276,308,271,309,259,306,257,304,257,303,250,301,247,304,245,304,244,308,246,310,243,313,242,313,242,305,243,302,241,302,239,304,236,311,239,320,241,322,244,323,245,323,252,326,253,327,254,326,257,327,258,328,257,333,259,339,257,342,258,343,259,343,260,344,259,345,260,346,261,349,262,350,263,350,265,352,266,351,271,349,272,348,272,347,274,345,273,344,271,337,272,336,277,338,283,335,285,333,286,333,287,332,287,330,285,328,285,325,287,323,288,319,289,318,292,317
Viet Nam,VN						974,308,975,310,974,312,975,316,980,314,982,309,990,306,992,300,991,292,986,281,982,277,981,277,976,272,973,268,974,263,981,258,976,256,975,255,975,254,972,251,969,250,964,252,958,253,960,258,962,260,963,260,965,262,966,267,967,268,970,269,972,271,972,272,976,276,976,277,979,280,979,281,982,284,983,287,983,289,982,290,984,292,985,297,984,301,982,303,981,303,979,305,975,306,974,307,974,308
"Virgin Islands, British",VG				279,268,3
"Virgin Islands, U.S.",VI				275,271,3
Wallis and Futuna,WF					1281,412,3
Western Sahara,EH					506,230,506,237,492,237,492,249,491,250,488,251,487,252,487,258,472,258,472,255,482,237,484,235,487,230,506,230
Yemen,YE						716,279,717,290,721,298,729,297,741,291,749,288,755,283,758,280,759,279,757,277,754,270,753,269,740,273,738,275,737,275,735,277,735,278,734,279,722,276,718,277,716,279
Zambia,ZM						644,436,645,435,648,436,652,435,658,429,658,428,660,426,662,426,665,423,670,421,672,419,675,418,676,417,677,412,678,407,676,402,677,399,674,396,673,396,670,393,669,393,667,391,666,392,664,392,659,394,658,395,659,398,657,401,658,408,659,409,660,409,662,411,663,411,664,412,664,413,663,414,661,415,658,414,655,411,655,410,653,408,651,409,644,406,640,406,639,407,639,412,637,414,632,414,631,415,630,418,630,426,631,429,634,432,635,434,642,434,644,436
Zimbabwe,ZW						644,436,645,435,648,436,652,435,658,429,658,428,660,426,673,430,675,432,677,437,676,438,674,447,671,454,670,455,667,456,659,455,658,454,658,453,655,452,654,451,653,448,648,443,646,438,644,436

Transnistria						649,138,652,148,654,144,650,138
South Ossetia						710,162,3
Somaliland						727,308,745,304,745,307,738,316,738,319,723,315,718,311,716,306,719,303,720,305
Abkhazia						700,162,693,158,694,157,697,157,702,160
Northern Cyprus						676,195,3
Nagorno Karabakh					723,177,720,174,722,173,725,175,724,177
